{
  "nbformat": 4,
  "nbformat_minor": 0,
  "metadata": {
    "colab": {
      "provenance": [],
      "cell_execution_strategy": "setup",
      "authorship_tag": "ABX9TyOrfRVjuQ4uDRU2hrCxoJF3",
      "include_colab_link": true
    },
    "kernelspec": {
      "name": "python3",
      "display_name": "Python 3"
    },
    "language_info": {
      "name": "python"
    },
    "widgets": {
      "application/vnd.jupyter.widget-state+json": {
        "aeabccec34044d1989efd7513af69b2e": {
          "model_module": "@jupyter-widgets/controls",
          "model_name": "ButtonModel",
          "model_module_version": "1.5.0",
          "state": {
            "_dom_classes": [],
            "_model_module": "@jupyter-widgets/controls",
            "_model_module_version": "1.5.0",
            "_model_name": "ButtonModel",
            "_view_count": null,
            "_view_module": "@jupyter-widgets/controls",
            "_view_module_version": "1.5.0",
            "_view_name": "ButtonView",
            "button_style": "success",
            "description": "Download CSV",
            "disabled": false,
            "icon": "",
            "layout": "IPY_MODEL_998021cf9df94aff92472b2f89d91f2e",
            "style": "IPY_MODEL_a291507c51b6481aa77ee4d436580767",
            "tooltip": ""
          }
        },
        "998021cf9df94aff92472b2f89d91f2e": {
          "model_module": "@jupyter-widgets/base",
          "model_name": "LayoutModel",
          "model_module_version": "1.2.0",
          "state": {
            "_model_module": "@jupyter-widgets/base",
            "_model_module_version": "1.2.0",
            "_model_name": "LayoutModel",
            "_view_count": null,
            "_view_module": "@jupyter-widgets/base",
            "_view_module_version": "1.2.0",
            "_view_name": "LayoutView",
            "align_content": null,
            "align_items": null,
            "align_self": null,
            "border": null,
            "bottom": null,
            "display": null,
            "flex": null,
            "flex_flow": null,
            "grid_area": null,
            "grid_auto_columns": null,
            "grid_auto_flow": null,
            "grid_auto_rows": null,
            "grid_column": null,
            "grid_gap": null,
            "grid_row": null,
            "grid_template_areas": null,
            "grid_template_columns": null,
            "grid_template_rows": null,
            "height": null,
            "justify_content": null,
            "justify_items": null,
            "left": null,
            "margin": null,
            "max_height": null,
            "max_width": null,
            "min_height": null,
            "min_width": null,
            "object_fit": null,
            "object_position": null,
            "order": null,
            "overflow": null,
            "overflow_x": null,
            "overflow_y": null,
            "padding": null,
            "right": null,
            "top": null,
            "visibility": null,
            "width": null
          }
        },
        "a291507c51b6481aa77ee4d436580767": {
          "model_module": "@jupyter-widgets/controls",
          "model_name": "ButtonStyleModel",
          "model_module_version": "1.5.0",
          "state": {
            "_model_module": "@jupyter-widgets/controls",
            "_model_module_version": "1.5.0",
            "_model_name": "ButtonStyleModel",
            "_view_count": null,
            "_view_module": "@jupyter-widgets/base",
            "_view_module_version": "1.2.0",
            "_view_name": "StyleView",
            "button_color": "lightgreen",
            "font_weight": ""
          }
        }
      }
    }
  },
  "cells": [
    {
      "cell_type": "markdown",
      "metadata": {
        "id": "view-in-github",
        "colab_type": "text"
      },
      "source": [
        "<a href=\"https://colab.research.google.com/github/porygon-tech/Genetic-Network-Analysis/blob/main/graph_pruning.ipynb\" target=\"_parent\"><img src=\"https://colab.research.google.com/assets/colab-badge.svg\" alt=\"Open In Colab\"/></a>"
      ]
    },
    {
      "cell_type": "markdown",
      "source": [
        "# Analysis of networks of genetic spatial variation"
      ],
      "metadata": {
        "id": "06KKafi-j1JG"
      }
    },
    {
      "cell_type": "code",
      "source": [
        "#@markdown\n",
        "%%capture\n",
        "!git clone https://github.com/porygon-tech/Genetic-Network-Analysis\n",
        "#!rm -rf Genetic-Network-Analysis/ # only to refresh before saving it"
      ],
      "metadata": {
        "cellView": "form",
        "id": "uPbExCDwb94L"
      },
      "execution_count": 1,
      "outputs": []
    },
    {
      "cell_type": "markdown",
      "source": [
        "## Pruning algorithm\n",
        "This is a homemade Python script especially built for the practical exercise. It performs different types of algorithms to select which links should be removed. The available methods are:\n",
        "\n",
        "\n",
        "*\t`threshold` removes all edges with genetic distance above a given threshold, given by the parameter `--param`.\n",
        "*\t`singlecomp` sequentially removes edges, starting from the highest genetic distance, and stops right before splitting the network into two smaller components. Specifying `--param` is useless here.\n",
        "*\t`mincov` keeps the minimal structure that explains the total covariance among populations. This is achieved using a more complex method based on a statistic called Edge Exclusion Deviance (EED) explained in Dyer & Nason (2004). If no `--param` is specified, performs a sequential removal similar to `singlecomp`, starting from lower EEDs. If `--param` is specified (it becomes a confidence threshold), removes all edges whose EED is not included beyond the confidence threshold. The lower, the more astringent.\n",
        "\n",
        "\\\n",
        "In the code chunk below there are some commented lines with other examples. I invite you to play around to see how they can give very different topologies depending on the algorithm and the parameter. Once you are happy with the result, click the download button (scroll down) (only visible in Google Colab):"
      ],
      "metadata": {
        "id": "RoGX9CAjY7Zq"
      }
    },
    {
      "cell_type": "code",
      "source": [
        "#!cd ./Genetic-Network-Analysis && python graph_pruning.py --f=noisy_adj.csv --method=threshold  --param=10.4\n",
        "#!cd ./Genetic-Network-Analysis && python graph_pruning.py --f=noisy_adj.csv --method=singlecomp              # Single component\n",
        "!cd ./Genetic-Network-Analysis && python graph_pruning.py --f=noisy_adj.csv --method=mincov     --param=0.05 # confidence of 95 %\n",
        "#!cd ./Genetic-Network-Analysis && python graph_pruning.py --f=noisy_adj.csv --method=mincov     --param=0.01 # confidence of 99 %\n",
        "#!cd ./Genetic-Network-Analysis && python graph_pruning.py --f=noisy_adj.csv --method=mincov                  # Min. covariance while seeking percolation threshold."
      ],
      "metadata": {
        "id": "Shu5CbG7Vzfg"
      },
      "execution_count": null,
      "outputs": []
    },
    {
      "cell_type": "code",
      "source": [
        "#@markdown Press the button to download the pruned network\n",
        "\n",
        "from time import sleep\n",
        "from ipywidgets import Button\n",
        "from IPython.display import display, Javascript\n",
        "\n",
        "def download_file(b):\n",
        "    # Update button\n",
        "    b.style.button_color = 'pink'\n",
        "    b.description = '😱'\n",
        "\n",
        "    try:\n",
        "        with open(\"Genetic-Network-Analysis/pruned.csv\", \"r\") as f:\n",
        "            content = f.read()\n",
        "        # Escape for JavaScript string\n",
        "        content_escaped = content.replace('\\\\', '\\\\\\\\').replace('`', '\\\\`').replace('$', '\\\\$')\n",
        "\n",
        "        # Use JavaScript to create and click link\n",
        "        display(Javascript(f\"\"\"\n",
        "        (function() {{\n",
        "          const blob = new Blob([`{content_escaped}`], {{type: 'text/csv'}});\n",
        "          const url = URL.createObjectURL(blob);\n",
        "          const a = document.createElement('a');\n",
        "          a.href = url;\n",
        "          a.download = 'pruned.csv';\n",
        "          document.body.appendChild(a);\n",
        "          a.click();\n",
        "          document.body.removeChild(a);\n",
        "          URL.revokeObjectURL(url);\n",
        "        }})();\n",
        "        \"\"\"))\n",
        "    except Exception as e:\n",
        "        print(f\"Error: {e}\")\n",
        "    finally:\n",
        "        sleep(0.7)\n",
        "        b.style.button_color = 'lightgreen'\n",
        "        b.description = 'Download CSV'\n",
        "\n",
        "# Re-create button fresh each time\n",
        "button_download = Button(description=\"Download CSV\", button_style=\"success\")\n",
        "button_download.on_click(download_file)\n",
        "display(button_download)"
      ],
      "metadata": {
        "cellView": "form",
        "id": "JYGn4r7If_t0",
        "outputId": "37856f42-e385-4020-ad14-58d8d05883e9",
        "colab": {
          "base_uri": "https://localhost:8080/",
          "height": 49,
          "referenced_widgets": [
            "aeabccec34044d1989efd7513af69b2e",
            "998021cf9df94aff92472b2f89d91f2e",
            "a291507c51b6481aa77ee4d436580767"
          ]
        }
      },
      "execution_count": 3,
      "outputs": [
        {
          "output_type": "display_data",
          "data": {
            "text/plain": [
              "Button(button_style='success', description='Download CSV', style=ButtonStyle())"
            ],
            "application/vnd.jupyter.widget-view+json": {
              "version_major": 2,
              "version_minor": 0,
              "model_id": "aeabccec34044d1989efd7513af69b2e"
            }
          },
          "metadata": {}
        },
        {
          "output_type": "display_data",
          "data": {
            "text/plain": [
              "<IPython.core.display.Javascript object>"
            ],
            "application/javascript": [
              "\n",
              "        (function() {\n",
              "          const blob = new Blob([`name,BaC,Ctv,LaV,Lig,PtC,PtP,SLG,SnE,SnF,SnI,StR,TsS,CP,LF,PL,SenBas,Seri,SG,SI,SN,TS\n",
              "BaC,0.0,0.0,0.0,0.0,0.0,0.0,0.0,0.0,0.0,0.14373743195829314,0.0,0.0,0.0,0.0,0.0,0.0,0.0,0.0,0.0,0.0,0.0\n",
              "Ctv,0.0,0.0,0.0,0.0,0.0,0.0,0.0,0.0,0.0,0.0,0.02767436725358249,0.017845800768795595,0.0,0.0,0.0,0.0,0.0,0.0,0.0,0.0,0.0\n",
              "LaV,0.0,0.0,0.0,0.0,0.0,0.0204709907986916,0.0178676457789837,0.0,0.096275301149142,0.0,0.0,0.0,0.0,0.0,0.0,0.0,0.0,0.0,0.0,0.0,0.0\n",
              "Lig,0.0,0.0,0.0,0.0,0.07029960990746462,0.0,0.0,0.0,0.0,0.1078305929625873,0.0,0.07811377114539785,0.0,0.0,0.0,0.0,0.0,0.0,0.0,0.0,0.0\n",
              "PtC,0.0,0.0,0.0,0.07029960990746462,0.0,0.0,0.0,0.08065433246845004,0.0,0.0,0.0,0.0,0.0,0.0,0.0,0.0,0.0,0.0,0.0,0.0,0.0\n",
              "PtP,0.0,0.0,0.0204709907986916,0.0,0.0,0.0,0.017879974724216888,0.0,0.0,0.0,0.02084665262385801,0.0,0.0,0.0,0.0,0.0,0.0,0.0,0.0,0.0,0.0\n",
              "SLG,0.0,0.0,0.0178676457789837,0.0,0.0,0.017879974724216888,0.0,0.0,0.0,0.21855033378099725,0.029110372711747115,0.0,0.0,0.0,0.0,0.0,0.0,0.0,0.0,0.0,0.0\n",
              "SnE,0.0,0.0,0.0,0.0,0.08065433246845004,0.0,0.0,0.0,0.0,0.0,0.13209137500120535,0.0,0.0,0.0,0.0,0.0,0.0,0.0,0.0,0.0,0.0\n",
              "SnF,0.0,0.0,0.096275301149142,0.0,0.0,0.0,0.0,0.0,0.0,0.20741362674341524,0.0248309898235543,0.0,0.0,0.0,0.0,0.0,0.0,0.0,0.0,0.0,0.0\n",
              "SnI,0.14373743195829314,0.0,0.0,0.1078305929625873,0.0,0.0,0.21855033378099725,0.0,0.20741362674341524,0.0,0.1304509415101027,0.0,0.0,0.0,0.0,0.0,0.0,0.0,0.0,0.0,0.0\n",
              "StR,0.0,0.02767436725358249,0.0,0.0,0.0,0.02084665262385801,0.029110372711747115,0.13209137500120535,0.0248309898235543,0.1304509415101027,0.0,0.09864666638387955,0.0,0.0,0.0,0.0,0.0,0.0,0.0,0.0,0.0\n",
              "TsS,0.0,0.017845800768795595,0.0,0.07811377114539785,0.0,0.0,0.0,0.0,0.0,0.0,0.09864666638387955,0.0,0.0,0.0,0.0,0.0,0.0,0.0,0.0,0.01850085322092467,0.0\n",
              "CP,0.0,0.0,0.0,0.0,0.0,0.0,0.0,0.0,0.0,0.0,0.0,0.0,0.0,0.0,0.0,0.0,0.36057462614721325,0.0,0.0,0.0,0.23424036668923964\n",
              "LF,0.0,0.0,0.0,0.0,0.0,0.0,0.0,0.0,0.0,0.0,0.0,0.0,0.0,0.0,0.0,0.0,0.0,0.35037179703242094,0.0,0.0,0.0\n",
              "PL,0.0,0.0,0.0,0.0,0.0,0.0,0.0,0.0,0.0,0.0,0.0,0.0,0.0,0.0,0.0,0.0,0.0,0.28297444627560353,0.3430041054161377,0.20543304669945106,0.0\n",
              "SenBas,0.0,0.0,0.0,0.0,0.0,0.0,0.0,0.0,0.0,0.0,0.0,0.0,0.0,0.0,0.0,0.0,0.0,0.0,0.0,0.0,0.0\n",
              "Seri,0.0,0.0,0.0,0.0,0.0,0.0,0.0,0.0,0.0,0.0,0.0,0.0,0.36057462614721325,0.0,0.0,0.0,0.0,0.29286933458915704,0.018385045876677605,0.2801375475358401,0.02104955200817639\n",
              "SG,0.0,0.0,0.0,0.0,0.0,0.0,0.0,0.0,0.0,0.0,0.0,0.0,0.0,0.35037179703242094,0.28297444627560353,0.0,0.29286933458915704,0.0,0.2605857759775354,0.0,0.0\n",
              "SI,0.0,0.0,0.0,0.0,0.0,0.0,0.0,0.0,0.0,0.0,0.0,0.0,0.0,0.0,0.3430041054161377,0.0,0.018385045876677605,0.2605857759775354,0.0,0.0,0.0\n",
              "SN,0.0,0.0,0.0,0.0,0.0,0.0,0.0,0.0,0.0,0.0,0.0,0.01850085322092467,0.0,0.0,0.20543304669945106,0.0,0.2801375475358401,0.0,0.0,0.0,0.21404086682270243\n",
              "TS,0.0,0.0,0.0,0.0,0.0,0.0,0.0,0.0,0.0,0.0,0.0,0.0,0.23424036668923964,0.0,0.0,0.0,0.02104955200817639,0.0,0.0,0.21404086682270243,0.0\n",
              "`], {type: 'text/csv'});\n",
              "          const url = URL.createObjectURL(blob);\n",
              "          const a = document.createElement('a');\n",
              "          a.href = url;\n",
              "          a.download = 'pruned.csv';\n",
              "          document.body.appendChild(a);\n",
              "          a.click();\n",
              "          document.body.removeChild(a);\n",
              "          URL.revokeObjectURL(url);\n",
              "        })();\n",
              "        "
            ]
          },
          "metadata": {}
        }
      ]
    }
  ]
}